tweetDate,twitterId,handle,text,profileUrl,name,tweetLink,timestamp,query
Wed Feb 08 12:29:37 +0000 2023,909382373078380546,roznaiy,"פשוט בושה. צריך להזכיר לחברי/ות הכנסת שהם יושבים שם כחברי האסיפה המכוננת של ישראל, בשינוי החוקתי הכי דרמטי מאז קום המדינה. בכובע זה עליהם/ן לשקול שיקולים רחבים וארוכי טווח. בכל דמוקרטיה מתוקנת אחרת לא היה עולה על הדעת לעשות שינוי כזה בלי דיון, מחקר וחשיבה מסודרים.",https://twitter.com/roznaiy,יניב רוזנאי Yaniv Roznai,https://twitter.com/roznaiy/status/1623298001438384129,2023-04-20T13:11:04.007Z,https://twitter.com/search?q=%20%3A%20min_faves%3A100%20%D7%93%D7%9E%D7%95%D7%A7%D7%A8%D7%98%D7%99%D7%94%20until%3A2023-02-10%20since%3A2023-02-01&src=typed_query&f=live
Thu Feb 09 19:36:03 +0000 2023,28371374,Shaulirena,"ענבר טויזר:

פעיל ימין שנכנס להפגנה נגד ההפיכה המשפטית, איים על מפגינים ש""יפוצץ להם את הפנים"". 

אחת המפגינות, ניגשה לקצין משטרה ואמרה לו: ""שמעת מה הוא אמר? הוא מאיים עלינו"". הקצין בתגובה: ""דמוקרטיה, לא?""

🤯🤬 https://t.co/u4fy6OQ0rd",https://twitter.com/Shaulirena,🏳️‍🌈🏴ShAuLi,https://twitter.com/Shaulirena/status/1623767704606834688,2023-04-20T13:11:04.007Z,https://twitter.com/search?q=%20%3A%20min_faves%3A100%20%D7%93%D7%9E%D7%95%D7%A7%D7%A8%D7%98%D7%99%D7%94%20until%3A2023-02-10%20since%3A2023-02-01&src=typed_query&f=live
Wed Feb 08 21:25:03 +0000 2023,2294655952,avigrin10,"ואז חולדאי דיבר על דמוקרטיה. זהו דוקטור, זה כל מה שאני זוכר https://t.co/ZgHrFSRdkq",https://twitter.com/avigrin10,אברהם גרינצייג,https://twitter.com/avigrin10/status/1623432749146054659,2023-04-20T13:11:04.007Z,https://twitter.com/search?q=%20%3A%20min_faves%3A100%20%D7%93%D7%9E%D7%95%D7%A7%D7%A8%D7%98%D7%99%D7%94%20until%3A2023-02-10%20since%3A2023-02-01&src=typed_query&f=live
Wed Feb 08 07:56:42 +0000 2023,173418313,EldadYaniv,"אני אומר למחנה שלי:

כשאנחנו נאבקים בעד דמוקרטיה -
שימוש ברוגלות נגד ישראלים היה צריך להעיף לנו את הסכך. 

▶️ https://t.co/HuL8taXCF5",https://twitter.com/EldadYaniv,Eldad Yaniv 🇮🇱 אלדד יניב,https://twitter.com/EldadYaniv/status/1623229318833790976,2023-04-20T13:11:04.007Z,https://twitter.com/search?q=%20%3A%20min_faves%3A100%20%D7%93%D7%9E%D7%95%D7%A7%D7%A8%D7%98%D7%99%D7%94%20until%3A2023-02-10%20since%3A2023-02-01&src=typed_query&f=live
Wed Feb 08 16:26:37 +0000 2023,16324095,harnevo,"גלית דיסטל היום בגלי צה״ל 👇.

אנחנו על רטוריקה פאשיסטית מלא מלא (וזה בעיקר כי #אסור_להשוות אז נעצור כאן): השמאל ממומן על ידי כסף זר בעיקר גרמני או איראני שמוציא אנשים לרחובות.

שלב חדש בהסתה.
דלק של שנאה ברחובות…

https://t.co/GryA7JleAU",https://twitter.com/harnevo,Ran Harnevo,https://twitter.com/harnevo/status/1623357644772634624,2023-04-20T13:11:04.007Z,https://twitter.com/search?q=%20%3A%20min_faves%3A100%20%D7%93%D7%9E%D7%95%D7%A7%D7%A8%D7%98%D7%99%D7%94%20until%3A2023-02-10%20since%3A2023-02-01&src=typed_query&f=live
Thu Feb 09 06:54:44 +0000 2023,1245818725678358529,rozolyo,"עכשיו בביה""ס היסודי ""יהודה המכבי"" בתל אביב - מחאת התלמידים נגד ההפיכה המשטרית: ""אין חינוך בלי דמוקרטיה"". איזה אלופים! 💙 כבוד לילדים ולהורים! @mhtalmidim2023 https://t.co/3RNzMauf68",https://twitter.com/rozolyo,Nava Rozolyo🤸🏻‍♀️🤭🥑🌎,https://twitter.com/rozolyo/status/1623576111811534851,2023-04-20T13:11:04.007Z,https://twitter.com/search?q=%20%3A%20min_faves%3A100%20%D7%93%D7%9E%D7%95%D7%A7%D7%A8%D7%98%D7%99%D7%94%20until%3A2023-02-10%20since%3A2023-02-01&src=typed_query&f=live
Thu Feb 09 14:57:29 +0000 2023,3241178408,Nifla_Po,"בואו פיד, נוסעים להשתלמות של 24 שעות במדינה שבה המנהיג שלה מימש את הרצון שלו להיות שליט יחיד במסווה של דמוקרטיה והוריד את טוויטר מהאוויר כי לא באה לו טוב ביקורת https://t.co/YcITtTHpBE",https://twitter.com/Nifla_Po,מר כ.,https://twitter.com/Nifla_Po/status/1623697602712576001,2023-04-20T13:11:04.007Z,https://twitter.com/search?q=%20%3A%20min_faves%3A100%20%D7%93%D7%9E%D7%95%D7%A7%D7%A8%D7%98%D7%99%D7%94%20until%3A2023-02-10%20since%3A2023-02-01&src=typed_query&f=live
Wed Feb 08 18:07:40 +0000 2023,1550239293435793408,ShikmaBressler,"המפולת החלה. עוד ועוד חברות מוציאות את הכסף שלהן מהמדינה. 
הפשיסטים ימשיכו להאשים אותנו. זה מה שפשיסטים עושים. בעליבות האופיינית. אבל האמת ברורה, אם ישראל לא תהיה דמוקרטיה, לא תהיה ישראל. 
נלחם. ואין לנו ברירה אלא לנצח.",https://twitter.com/ShikmaBressler,שקמה ברסלר Shikma Bressler,https://twitter.com/ShikmaBressler/status/1623383073176821779,2023-04-20T13:11:04.007Z,https://twitter.com/search?q=%20%3A%20min_faves%3A100%20%D7%93%D7%9E%D7%95%D7%A7%D7%A8%D7%98%D7%99%D7%94%20until%3A2023-02-10%20since%3A2023-02-01&src=typed_query&f=live
Thu Feb 09 20:25:51 +0000 2023,1059789854899355649,kumiiisrael,הדגלים השחורים בתגובה להודעת בן גביר: ״מצפים מהמפכ״ל לסרב לדרישת בן גביר לזמן לשיחת נזיפה במפקד מחוז י-ם. מדובר בעבריין שהתבלבל וחושב שהוא אחראי על חופש ההפגנה. לשר אסור על פי חוק להתערב בעבודת המשטרה. ישראל היא דמוקרטיה ונשמור עליה ככזאת״,https://twitter.com/kumiiisrael,קומי ישראל 🇮🇱🏳️‍🌈👊,https://twitter.com/kumiiisrael/status/1623780235006119939,2023-04-20T13:11:04.007Z,https://twitter.com/search?q=%20%3A%20min_faves%3A100%20%D7%93%D7%9E%D7%95%D7%A7%D7%A8%D7%98%D7%99%D7%94%20until%3A2023-02-10%20since%3A2023-02-01&src=typed_query&f=live
Thu Feb 09 18:38:51 +0000 2023,207631265,yaelavnery,"תל אביב אהובתי. דמוקרטיה! 
צילום: גיא יחיאלי https://t.co/eAZEx1cfXb",https://twitter.com/yaelavnery,yaeli avnery,https://twitter.com/yaelavnery/status/1623753309227040771,2023-04-20T13:11:04.007Z,https://twitter.com/search?q=%20%3A%20min_faves%3A100%20%D7%93%D7%9E%D7%95%D7%A7%D7%A8%D7%98%D7%99%D7%94%20until%3A2023-02-10%20since%3A2023-02-01&src=typed_query&f=live
Tue Feb 07 22:39:14 +0000 2023,835729609752739840,iloveisraell,"ממשלת ישראל הולכת בדרכה של הונגריה והתהליכים כאן כמעט זהים לתהליכים שם.
אז במקום להתכחש לכך( שזה באמת דבר שהוא חסר סיכוי), למה שלא נכתוב בעיתון שהונגריה היא דמוקרטיה מפוארת וכל השאר תעמולה שקרית. https://t.co/BoIDZAViYv",https://twitter.com/iloveisraell,𝐎𝐧 𝐀𝐳𝐫𝐢𝐞𝐥,https://twitter.com/iloveisraell/status/1623089027476774912,2023-04-20T13:11:04.007Z,https://twitter.com/search?q=%20%3A%20min_faves%3A100%20%D7%93%D7%9E%D7%95%D7%A7%D7%A8%D7%98%D7%99%D7%94%20until%3A2023-02-10%20since%3A2023-02-01&src=typed_query&f=live
Thu Feb 09 20:31:50 +0000 2023,1042040671421558789,adin_dan,שם בצד את כל הטענות שהיו (ועדיין יש) נגדו — הצפייה ב״עובדה״ עם מנדלבליט היא חובה לכל אזרח. המסר: ״שקט הוא רפש״ — ומבהיר במילים בוטות כי ההפיכה המשפטית היא אסון שנועד לחלץ את נתניהו ממשפט וכי אחריה ישראל לא תהיה דמוקרטיה. למעשה — מנדלבליט מדבר באופן בוטה ונחרץ יותר מכל דוברי המחאה,https://twitter.com/adin_dan,Dan Adin דן עדין,https://twitter.com/adin_dan/status/1623781743214960643,2023-04-20T13:11:04.007Z,https://twitter.com/search?q=%20%3A%20min_faves%3A100%20%D7%93%D7%9E%D7%95%D7%A7%D7%A8%D7%98%D7%99%D7%94%20until%3A2023-02-10%20since%3A2023-02-01&src=typed_query&f=live
Thu Feb 09 08:05:51 +0000 2023,347294614,orlybarlev,"שורה של מוקדי הפגנות ברחבי הארץ הבוקר בשערי בתי ספר וגנים נגד ההפיכה המשטרית: ""אין חינוך בלי דמוקרטיה"".
כמה תמונות וקטעי וידאו שהגיעו עד כה -
נתחיל בבית ספר הכפר הירוק 👇 https://t.co/UfAPm09HXo",https://twitter.com/orlybarlev,Or-ly Barlev ~ אור-לי ברלב,https://twitter.com/orlybarlev/status/1623594007946297345,2023-04-20T13:11:04.007Z,https://twitter.com/search?q=%20%3A%20min_faves%3A100%20%D7%93%D7%9E%D7%95%D7%A7%D7%A8%D7%98%D7%99%D7%94%20until%3A2023-02-10%20since%3A2023-02-01&src=typed_query&f=live
Thu Feb 09 06:12:08 +0000 2023,16324095,harnevo,"הכפר הירוק. הבוקר. הפגנת הורים כי אין חינוך בלי דמוקרטיה.

רק ככה.
בלי פחד. 
שתפו 🙏 https://t.co/8HzhJcU84L",https://twitter.com/harnevo,Ran Harnevo,https://twitter.com/harnevo/status/1623565392064004096,2023-04-20T13:11:04.007Z,https://twitter.com/search?q=%20%3A%20min_faves%3A100%20%D7%93%D7%9E%D7%95%D7%A7%D7%A8%D7%98%D7%99%D7%94%20until%3A2023-02-10%20since%3A2023-02-01&src=typed_query&f=live
Wed Feb 08 12:15:21 +0000 2023,1040246229895204865,KnessetT,"""למה אתה מזלזל, רוטמן?"" - @rothmar העיר לדבריו של פרופ' חגי לוין בעניין הקשר בין בריאות והרפורמה במערכת המשפט.
פרופ' @HagaiLevine: ""ברגע שאנחנו עושים פוליטיזציה של מערכת המשפט""
ח""כ רוטמן: ""זה פוגע בבריאות, כן""
פרופ' לוין: ""זה פוגע באמון הציבור""
ח""כ רוטמן: ""זה פוגע בבריאות, פשוט"" https://t.co/IkIeuTHwPr",https://twitter.com/KnessetT,ערוץ כנסת,https://twitter.com/KnessetT/status/1623294411147825154,2023-04-20T13:11:04.007Z,https://twitter.com/search?q=%20%3A%20min_faves%3A100%20%D7%93%D7%9E%D7%95%D7%A7%D7%A8%D7%98%D7%99%D7%94%20until%3A2023-02-10%20since%3A2023-02-01&src=typed_query&f=live
Tue Feb 07 18:51:56 +0000 2023,98626962,MovGov,חידה: כמה שרי משפטים צריך כדי להרוס דמוקרטיה?,https://twitter.com/MovGov,התנועה לאיכות השלטון,https://twitter.com/MovGov/status/1623031826615877637,2023-04-20T13:11:04.007Z,https://twitter.com/search?q=%20%3A%20min_faves%3A100%20%D7%93%D7%9E%D7%95%D7%A7%D7%A8%D7%98%D7%99%D7%94%20until%3A2023-02-10%20since%3A2023-02-01&src=typed_query&f=live
Thu Feb 09 22:14:17 +0000 2023,347294614,orlybarlev,"בן גביר הפירומן מכנה אזרחים פטריוטים ומגיני דמוקרטיה ""אנרכיסטים"" כשהוא מגה-אנרכיסט גם בתפקיד שר. כמי שהיתה ותיעדה: המשטרה אבטחה את ההפגנה והכילה את הצעדה הספונטנית עד לרגע שבו לפתע התהפכה והחלה לחסום בכוח ובאלימות את הצעדה, ועצרה במכות ובחניקות מפגינים שהיו על הכביש.
מהלייב שלי👇🏼 https://t.co/NzWB4S92LN",https://twitter.com/orlybarlev,Or-ly Barlev ~ אור-לי ברלב,https://twitter.com/orlybarlev/status/1623807524116787200,2023-04-20T13:11:04.007Z,https://twitter.com/search?q=%20%3A%20min_faves%3A100%20%D7%93%D7%9E%D7%95%D7%A7%D7%A8%D7%98%D7%99%D7%94%20until%3A2023-02-10%20since%3A2023-02-01&src=typed_query&f=live
Wed Feb 08 06:15:04 +0000 2023,1042040671421558789,adin_dan,"היום יחלו ההצבעות על שינוי שיטת המשטר בישראל. מיליוני אנשים אינם מתכוונים לחיות תחת כיבוש פאשיסטי, אנו לא מתכוונים לעזוב — אין לנו ארץ אחרת. לא נרים נשק ולא ננקוט באלימות. אך ניאבק עד נשימתנו האחרונה על דרך החיים שלנו. בכלכלה, בצבא, בהיי-טק ובאקדמיה — הכל ישובש. דמוקרטיה — או מרד",https://twitter.com/adin_dan,Dan Adin דן עדין,https://twitter.com/adin_dan/status/1623203741376647169,2023-04-20T13:11:04.007Z,https://twitter.com/search?q=%20%3A%20min_faves%3A100%20%D7%93%D7%9E%D7%95%D7%A7%D7%A8%D7%98%D7%99%D7%94%20until%3A2023-02-10%20since%3A2023-02-01&src=typed_query&f=live
Wed Feb 08 06:54:56 +0000 2023,1044904762716622849,YosephHaddad,"סטודנטים אנטי ישראליים באנגליה מציגים: נימוסים, דמוקרטיה, סובלנות, חופש ביטוי. https://t.co/s4ormjlQuf",https://twitter.com/YosephHaddad,יוסף חדאד - Yoseph Haddad,https://twitter.com/YosephHaddad/status/1623213776098017281,2023-04-20T13:11:04.007Z,https://twitter.com/search?q=%20%3A%20min_faves%3A100%20%D7%93%D7%9E%D7%95%D7%A7%D7%A8%D7%98%D7%99%D7%94%20until%3A2023-02-10%20since%3A2023-02-01&src=typed_query&f=live
Wed Feb 08 16:38:25 +0000 2023,47419085,Navot_Yair,"1. שרת ההסברה גלית דיסטל היא פשיסטית, שמשקרת ומסיתה בלי למצמץ נגד ציבור אזרחים הגונים ושומרי חוק, שמוחים באופן דמוקרטי. אין שום בעייה עם מצביעי ״שמאל״ לצורך העניין, וציבור המוחים מגוון מבחינת עמדותיו הפוליטיות - אבל הוא כולו פרו דמוקרטיה ואנטי פשיזם, וזה מפריע לשרת ההסתה דיסטל.",https://twitter.com/Navot_Yair,Yair Navot,https://twitter.com/Navot_Yair/status/1623360612116885505,2023-04-20T13:11:04.007Z,https://twitter.com/search?q=%20%3A%20min_faves%3A100%20%D7%93%D7%9E%D7%95%D7%A7%D7%A8%D7%98%D7%99%D7%94%20until%3A2023-02-10%20since%3A2023-02-01&src=typed_query&f=live
Thu Feb 09 14:16:02 +0000 2023,283496632,ErelMargalit,"הגענו לרגע האמת: ביום שני הקרוב הכנסת עומדת להצביע על חיסולה של הדמוקרטיה הישראלית. אנחנו נאפשר  לעובדים שלנו לשבות. משרדי מרגלית סטארטאפ סיטי ירושלים יפתחו בפני המפגינים  בשעות הבוקר ומהם נצא, כאיש אחד, בצעדה לכיוון הכנסת כדי להעביר מסר: דמוקרטיה היא נשמת אפה של המדינה הזאת!&gt;&gt;",https://twitter.com/ErelMargalit,אראל מרגלית Erel Margalit,https://twitter.com/ErelMargalit/status/1623687169595392000,2023-04-20T13:11:04.007Z,https://twitter.com/search?q=%20%3A%20min_faves%3A100%20%D7%93%D7%9E%D7%95%D7%A7%D7%A8%D7%98%D7%99%D7%94%20until%3A2023-02-10%20since%3A2023-02-01&src=typed_query&f=live
Thu Feb 09 06:48:15 +0000 2023,1642922492,noam_fathi,"כשתזעקו בחדשות וברשתות ""מה הולך במשפט נתניהו???"" אחרי שבוע כזה, נתרגש מהזעקות שלכם על דמוקרטיה וקישקושי כלכלה.
כפתור הווליום של ההזדעזעויות נתון בידיים שלכם, ואתם משחקים איתו פוליטית.
שום דבר לא מהותי.",https://twitter.com/noam_fathi,noamfathi,https://twitter.com/noam_fathi/status/1623574482580385793,2023-04-20T13:11:04.007Z,https://twitter.com/search?q=%20%3A%20min_faves%3A100%20%D7%93%D7%9E%D7%95%D7%A7%D7%A8%D7%98%D7%99%D7%94%20until%3A2023-02-10%20since%3A2023-02-01&src=typed_query&f=live
Tue Feb 07 15:31:25 +0000 2023,949981322,AyalaHasson,"היי ערב טוב, הערב אזור בחירה 19:00 מאות רעידות אדמה בטורקיה ביממה אחת, בארץ הסופה ברברה באטרף, קור רוחות.  אפרופו השיח על דמוקרטיה, נדבר על השמוש ברוגלות (פגסוס) מקווה שאתם מתכרבלים בבית עם מרק חם ולוחצים ב19:00 13 בשלט @newsisrael13 @AyalaHasson",https://twitter.com/AyalaHasson,Ayala Hasson.,https://twitter.com/AyalaHasson/status/1622981364948652032,2023-04-20T13:11:04.007Z,https://twitter.com/search?q=%20%3A%20min_faves%3A100%20%D7%93%D7%9E%D7%95%D7%A7%D7%A8%D7%98%D7%99%D7%94%20until%3A2023-02-10%20since%3A2023-02-01&src=typed_query&f=live
Mon Feb 06 07:33:50 +0000 2023,3085601286,baruchikra,"השילוב של הודעת רוטמן והמחקר שעליו דיווח @netaelbandel, הוא הסיפור כולו: רוטמן, לוין ונתניהו מריצים אותנו לעבר ״דמוקרטיה פורמלית״, או בשפה פחות מכובסת - סוג של דיקטטורה. הצעת רוטמן היא עלבון לאינטילגנציה. אין טעם שהשופטים יישבו בוועדה כזאת. זה בזבוז זמן. תכלס, נתניהו ימנה שופטים",https://twitter.com/baruchikra,ברוך קרא,https://twitter.com/baruchikra/status/1622498788844658690,2023-04-20T13:11:04.007Z,https://twitter.com/search?q=%20%3A%20min_faves%3A100%20%D7%93%D7%9E%D7%95%D7%A7%D7%A8%D7%98%D7%99%D7%94%20until%3A2023-02-10%20since%3A2023-02-01&src=typed_query&f=live
Mon Feb 06 06:04:05 +0000 2023,51563363,rothmar,"בנוסח המעודכן שהפצתי הלילה לחברי הוועדה:

בחירת השופטים - ועדה של 9 נציגים.

3 שרים
3 שופטים
3 ח""כים

3 חברים מכח תפקידם. אחד מכל רשות:
1. שר/ת המשפטים
2. נשיא/ת העליון
3. יו""ר וועדת חוקה

לפחות נציג אחד של כל אחת מהרשויות חייב להיות אשה.

שני השרים נבחרים על ידי הממשלה &gt;&gt;&gt;",https://twitter.com/rothmar,שמחה רוטמן - Simcha Rothman,https://twitter.com/rothmar/status/1622476203448840193,2023-04-20T13:11:04.007Z,https://twitter.com/search?q=%20%3A%20min_faves%3A100%20%D7%93%D7%9E%D7%95%D7%A7%D7%A8%D7%98%D7%99%D7%94%20until%3A2023-02-10%20since%3A2023-02-01&src=typed_query&f=live
Mon Feb 06 09:39:25 +0000 2023,245100889,levimano,"תסבירו לי בבקשה .
הכסילים הבריונים והנחותים של קריים מינסטר מתפרצים  לבית המחוקקים למשכן העליון של הדמוקרטיה  ומפגינים ,בועדת חוקה ומשפט  וזועקים זעקות שבר ""דמוקרטיה""
איזה דמוקרטיה לקחו להם  איזה ?  איזה דמוקרטיה יקחו מהם חוץ מהפרוילגיה ?
כמה כסילות ורדידות.יכולה להיות באספסוף https://t.co/SVi2l6gLT8",https://twitter.com/levimano,mano levi,https://twitter.com/levimano/status/1622530393097359362,2023-04-20T13:11:04.007Z,https://twitter.com/search?q=%20%3A%20min_faves%3A100%20%D7%93%D7%9E%D7%95%D7%A7%D7%A8%D7%98%D7%99%D7%94%20until%3A2023-02-10%20since%3A2023-02-01&src=typed_query&f=live
Tue Feb 07 14:04:00 +0000 2023,2299716579,UEvental,"האם איראן היא דמוקרטיה?

ברור שלא. אבל בעצם למה לא? אם באיראן על פי החוקה העם בוחר את הנשיא, את חברי הפרלמנט ואת המועצה שממנה את המנהיג העליון. הנה למה לא. מסע קצר בנבכי המערכת השלטונית האיראנית  - מודל קיצוני של היעדר הפרדת רשויות. 
&gt;&gt; https://t.co/K8P679SfL1",https://twitter.com/UEvental,Udi Evental,https://twitter.com/UEvental/status/1622959365266210816,2023-04-20T13:11:04.007Z,https://twitter.com/search?q=%20%3A%20min_faves%3A100%20%D7%93%D7%9E%D7%95%D7%A7%D7%A8%D7%98%D7%99%D7%94%20until%3A2023-02-10%20since%3A2023-02-01&src=typed_query&f=live
Tue Feb 07 07:22:32 +0000 2023,951025784709439488,freyisrael1,"לא היה כדבר הזה: כנסת ישראל. 3:00 לפנות בוקר. ח""כ עופר כסיף נואם על החרפת המחאה לקראת ההצבעות על ההפיכה המשטרית תוך שהוא מזכיר ""מרי אזרחי"" ו""פאשיזם"". ח""כ ניסים ואטורי מחליט שזה לא מתאים לו ושולח סדרנים להוריד את כסיף בכוח מהדוכן. ביזיון. https://t.co/LXzJRznXjh",https://twitter.com/freyisrael1,ישראל פריי,https://twitter.com/freyisrael1/status/1622858332393406469,2023-04-20T13:11:04.007Z,https://twitter.com/search?q=%20%3A%20min_faves%3A100%20%D7%93%D7%9E%D7%95%D7%A7%D7%A8%D7%98%D7%99%D7%94%20until%3A2023-02-10%20since%3A2023-02-01&src=typed_query&f=live
Mon Feb 06 10:33:16 +0000 2023,1550239293435793408,ShikmaBressler,"אם ישראל לא תהיה דמוקרטיה, לא תהיה ישראל.",https://twitter.com/ShikmaBressler,שקמה ברסלר Shikma Bressler,https://twitter.com/ShikmaBressler/status/1622543944352518144,2023-04-20T13:11:04.007Z,https://twitter.com/search?q=%20%3A%20min_faves%3A100%20%D7%93%D7%9E%D7%95%D7%A7%D7%A8%D7%98%D7%99%D7%94%20until%3A2023-02-10%20since%3A2023-02-01&src=typed_query&f=live
Mon Feb 06 15:32:07 +0000 2023,826008228509184000,Gilad__Shaked,סטודנט אחרי שהוא צעק ״דמוקרטיה״ בועדה וזרקו אותו החוצה https://t.co/qonX8enYPE,https://twitter.com/Gilad__Shaked,גלעד שקד Gilad Shaked,https://twitter.com/Gilad__Shaked/status/1622619152526475272,2023-04-20T13:11:04.007Z,https://twitter.com/search?q=%20%3A%20min_faves%3A100%20%D7%93%D7%9E%D7%95%D7%A7%D7%A8%D7%98%D7%99%D7%94%20until%3A2023-02-10%20since%3A2023-02-01&src=typed_query&f=live
Tue Feb 07 16:21:18 +0000 2023,954433267,Amir_Avivi,"אחי פורשי מערכת הביטחון, עשרות שנים שרתנו במערכת שבינה לבין דמוקרטיה אין ולא כלום. גדלנו במערכת הירארכית מבוססת פקודות וזו החוויה של רוב חיינו. מומחים גדולים לדמוקרטיה אנחנו לא. השאירו את היחידות שלכם והדרגות שלכם מחוץ לדיון על הרפורמה המשפטית.הדרגות שלנו רלוונטיים בשיח ביטחוני.",https://twitter.com/Amir_Avivi,Amir Avivi אמיר אביבי,https://twitter.com/Amir_Avivi/status/1622993918378889216,2023-04-20T13:11:04.007Z,https://twitter.com/search?q=%20%3A%20min_faves%3A100%20%D7%93%D7%9E%D7%95%D7%A7%D7%A8%D7%98%D7%99%D7%94%20until%3A2023-02-10%20since%3A2023-02-01&src=typed_query&f=live
Tue Feb 07 13:50:29 +0000 2023,933990392,YinonMagal,"אגב, אתם זוכרים מה הם עשו פה לפני חקיקת חוק הלאום?
את התבהלה, האיומים, שנהפוך למצורעים בעולם, שזה יפגע בישראל, שלא נהיה דמוקרטיה, שזו גזענות, 
את ההפגנות, הנאומים, השידורים, הויכוחים, החפירות.
כלאם פאדי",https://twitter.com/YinonMagal,ינון מגל,https://twitter.com/YinonMagal/status/1622955962599370752,2023-04-20T13:11:04.007Z,https://twitter.com/search?q=%20%3A%20min_faves%3A100%20%D7%93%D7%9E%D7%95%D7%A7%D7%A8%D7%98%D7%99%D7%94%20until%3A2023-02-10%20since%3A2023-02-01&src=typed_query&f=live
Mon Feb 06 08:46:07 +0000 2023,385026414,moran_azulay,סטודנטים שמשתתפים במחאה נגד המפכה המשפטית פונו על ידי משמר הכנסת בוועדת חוקה לאחר שהתפרצו בקריאות: ״דמוקרטיה״ https://t.co/sJMEzIj0fe,https://twitter.com/moran_azulay,מורן אזולאי Moran Azulay,https://twitter.com/moran_azulay/status/1622516979042029571,2023-04-20T13:11:04.007Z,https://twitter.com/search?q=%20%3A%20min_faves%3A100%20%D7%93%D7%9E%D7%95%D7%A7%D7%A8%D7%98%D7%99%D7%94%20until%3A2023-02-10%20since%3A2023-02-01&src=typed_query&f=live
Mon Feb 06 10:31:36 +0000 2023,1550239293435793408,ShikmaBressler,"אין רפואה ציבורית ראויה בלי דמוקרטיה. 
וישארו פה מעט מאוד רופאים אם המערכת תהרס. נלחמים על חיי הדמוקרטיה. https://t.co/nS4ibgqIsY",https://twitter.com/ShikmaBressler,שקמה ברסלר Shikma Bressler,https://twitter.com/ShikmaBressler/status/1622543527153479684,2023-04-20T13:11:04.007Z,https://twitter.com/search?q=%20%3A%20min_faves%3A100%20%D7%93%D7%9E%D7%95%D7%A7%D7%A8%D7%98%D7%99%D7%94%20until%3A2023-02-10%20since%3A2023-02-01&src=typed_query&f=live
Mon Feb 06 07:53:22 +0000 2023,898552846760783874,NitzanShilony,"עוד מהגזלייטינג: 3-3-3 נותן לנו תחושה של משהו מאוזן, אפילו אסתטי. אלא שרוטמן מחביא את המשמעות האמתית: שליטה מוחלטת של הממשלה ברשות השופטת. לממשלה 7/9 נציגים: 3 שרים, 2 חכים, ו2 שופטים במינוי שר המשפטים. לאופוזיציה נציג 1 (+שופט 1). 
משטר כזה מכונה שלטון סמכותני, לא עוד דמוקרטיה https://t.co/uf8ntuSIMw",https://twitter.com/NitzanShilony,Nitzan Caspi Shilony,https://twitter.com/NitzanShilony/status/1622503706431307776,2023-04-20T13:11:04.007Z,https://twitter.com/search?q=%20%3A%20min_faves%3A100%20%D7%93%D7%9E%D7%95%D7%A7%D7%A8%D7%98%D7%99%D7%94%20until%3A2023-02-10%20since%3A2023-02-01&src=typed_query&f=live
Tue Feb 07 07:36:10 +0000 2023,2657146262,Nadav_Eyal,"רגע לזכור. ח""כ מורד מהדוכן בכוח כי אמר מרי אזרחי. 
דמוקרטיה נמדדת ונכשלת במקומות הקשים. זה אותו ואטורי שהעיר מכס היו""ר (!) ליפעת שאשא ביטון בשבוע שעבר ש""החברים שלך נרדמו כבר"". 
אז זה היה כיעור עמוק והלבנת פנים, והנה אחריו מגיעה השתקה. בד""כ אחריה - תגיע אלימות של השלטון.",https://twitter.com/Nadav_Eyal,נדב איל Nadav Eyal,https://twitter.com/Nadav_Eyal/status/1622861764130926593,2023-04-20T13:11:04.007Z,https://twitter.com/search?q=%20%3A%20min_faves%3A100%20%D7%93%D7%9E%D7%95%D7%A7%D7%A8%D7%98%D7%99%D7%94%20until%3A2023-02-10%20since%3A2023-02-01&src=typed_query&f=live
Mon Feb 06 22:00:29 +0000 2023,3007639872,AmatziaSamkai,"אשמח לדעת על איזה סכום מדובר.  שהעברה זמנית שלו מחשבון לחשבון מצדיקה כאלה כותרות היסטריות. כמה זה יוצא באחוזים מסך הפקדונות של ישראל? מאית האחוז?
ובכלל, למה מר אסף רפפורט וגברת עינת גז חושבים שבגלל שיש להם יותר כסף הקול שלהם בקלפי שווה יותר מהקול שלכם ושלי?
ככה לא עובדת דמוקרטיה.",https://twitter.com/AmatziaSamkai,אמציה סמקאי,https://twitter.com/AmatziaSamkai/status/1622716887363715087,2023-04-20T13:11:04.007Z,https://twitter.com/search?q=%20%3A%20min_faves%3A100%20%D7%93%D7%9E%D7%95%D7%A7%D7%A8%D7%98%D7%99%D7%94%20until%3A2023-02-10%20since%3A2023-02-01&src=typed_query&f=live
Mon Feb 06 06:34:56 +0000 2023,2997253260,LittleMoiz,"@rothmar בחיייאת שמחה.
כמה אתה חושב שהציבור מטומטם?
לא משנה איך תציג את זה... עדיין לממשלה יש רוב אוטומטי. (אתם ממנים את מי שבוחר שופטים)
זה בדיוק כמו הבחירות בסוריה ומצרים... יעני דמוקרטיה.
תשכח מזה.
לא יקרה.",https://twitter.com/LittleMoiz,מואיז הקטן ®,https://twitter.com/LittleMoiz/status/1622483967638220800,2023-04-20T13:11:04.007Z,https://twitter.com/search?q=%20%3A%20min_faves%3A100%20%D7%93%D7%9E%D7%95%D7%A7%D7%A8%D7%98%D7%99%D7%94%20until%3A2023-02-10%20since%3A2023-02-01&src=typed_query&f=live
Sun Feb 05 19:50:11 +0000 2023,1550239293435793408,ShikmaBressler,"אם אתם חוששים להתבטא, זו הסיבה הכי טובה להשמיע את קולכם. 
דברו. הסבירו. שכנעו. הלחמו. 
דמוקרטיה או דמוקרטיה. אין אפשרות אחרת. https://t.co/bRMrX8q4EK",https://twitter.com/ShikmaBressler,שקמה ברסלר Shikma Bressler,https://twitter.com/ShikmaBressler/status/1622321711067660288,2023-04-20T13:11:04.007Z,https://twitter.com/search?q=%20%3A%20min_faves%3A100%20%D7%93%D7%9E%D7%95%D7%A7%D7%A8%D7%98%D7%99%D7%94%20until%3A2023-02-10%20since%3A2023-02-01&src=typed_query&f=live
Sun Feb 05 21:22:57 +0000 2023,244667129,faniaoz,"מדוע בעצם, חלק מן הימין נאחז בציפורניים במושג דמוקרטיה? למה לא להודות שהכוונה היא לייסד בישראל משטר סמכותני לאומי-הלכתי? 
אי אפשר לרבע את המעגל. כששופטי בית המשפט העליון ימונו בידי הממשלה ברוב מכריע, כשייצוג לנשים בממשלה ובשדרת הניהול העליונה שלה כבר קרוב לאפס - למה להתעקש?",https://twitter.com/faniaoz,Fania Oz-Salzberger פניה עוז-זלצברגר,https://twitter.com/faniaoz/status/1622345055976493061,2023-04-20T13:11:04.007Z,https://twitter.com/search?q=%20%3A%20min_faves%3A100%20%D7%93%D7%9E%D7%95%D7%A7%D7%A8%D7%98%D7%99%D7%94%20until%3A2023-02-10%20since%3A2023-02-01&src=typed_query&f=live
Mon Feb 06 14:18:06 +0000 2023,3432981237,judash0,נתניהו במליאה: דמוקרטיה היא שלטון הרוב ולא שלטון הרובה.,https://twitter.com/judash0,יהודה שלזינגר,https://twitter.com/judash0/status/1622600527874760705,2023-04-20T13:11:04.007Z,https://twitter.com/search?q=%20%3A%20min_faves%3A100%20%D7%93%D7%9E%D7%95%D7%A7%D7%A8%D7%98%D7%99%D7%94%20until%3A2023-02-10%20since%3A2023-02-01&src=typed_query&f=live
Tue Feb 07 07:54:56 +0000 2023,3254559126,ofercass,"זה לא ייגמר בהורדה מכוח מבימת המליאה - בניגוד לחוק. הם לא ינוחו עד שישתיקו כל קול מחאה וידכאו כל מרחב דמוקרטיה; כך נראית דיקטטורה. *שביתה כללית היא הכלי שיעצור את הדהירה לשלילת כל החירויות שלנו וכך נעשה! ב-13.2 נשבית את הדיקטטורה; מרי אזרחי עכשיו, לפני שיהיה מאוחר מידי!* https://t.co/6wiliR1Wiv",https://twitter.com/ofercass,Ofer Cassif עופר כסיף عوفر كسيف,https://twitter.com/ofercass/status/1622866485168283649,2023-04-20T13:11:04.007Z,https://twitter.com/search?q=%20%3A%20min_faves%3A100%20%D7%93%D7%9E%D7%95%D7%A7%D7%A8%D7%98%D7%99%D7%94%20until%3A2023-02-10%20since%3A2023-02-01&src=typed_query&f=live
Mon Feb 06 11:51:56 +0000 2023,3085601286,baruchikra,"שתבינו, ה״קריאות מתועבות״ הן ד-מו-קר-טיה. טוב, האמת היא שבתוך זמן קצר יתכן שבישראל הקריאה ״דמוקרטיה״ תיחשב מתועבת https://t.co/AB7sWRGXww",https://twitter.com/baruchikra,ברוך קרא,https://twitter.com/baruchikra/status/1622563740087459840,2023-04-20T13:11:04.007Z,https://twitter.com/search?q=%20%3A%20min_faves%3A100%20%D7%93%D7%9E%D7%95%D7%A7%D7%A8%D7%98%D7%99%D7%94%20until%3A2023-02-10%20since%3A2023-02-01&src=typed_query&f=live
Mon Feb 06 08:49:09 +0000 2023,629378273,NoaShpigel,"וזה מה שקרה עכשיו בועדת חוקה-

 (רוית הכט הנהדרת צילמה) https://t.co/IVZshVvAZQ",https://twitter.com/NoaShpigel,Noa Shpigel,https://twitter.com/NoaShpigel/status/1622517743063912448,2023-04-20T13:11:04.007Z,https://twitter.com/search?q=%20%3A%20min_faves%3A100%20%D7%93%D7%9E%D7%95%D7%A7%D7%A8%D7%98%D7%99%D7%94%20until%3A2023-02-10%20since%3A2023-02-01&src=typed_query&f=live
Tue Feb 07 11:15:52 +0000 2023,927540863470841856,YozmatGeneva,"נתניהו אולי חושב שישראל יכולה לשרוד בלי דמוקרטיה, אבל בטוח מבין שהיא לא יכולה לשרוד בלי ארצות הברית https://t.co/k4mvwNfpGx",https://twitter.com/YozmatGeneva,יוזמת ז'נבה,https://twitter.com/YozmatGeneva/status/1622917052108267521,2023-04-20T13:11:04.007Z,https://twitter.com/search?q=%20%3A%20min_faves%3A100%20%D7%93%D7%9E%D7%95%D7%A7%D7%A8%D7%98%D7%99%D7%94%20until%3A2023-02-10%20since%3A2023-02-01&src=typed_query&f=live
Sun Feb 05 05:07:42 +0000 2023,40183789,Roy_Iddan,"מלחמה היא שלום
חירות היא עבדות
בורות היא כוח
דיקטטורה היא דמוקרטיה
רפורמה היא הפיכה",https://twitter.com/Roy_Iddan,Roy Iddan 🏴‍☠️,https://twitter.com/Roy_Iddan/status/1622099624776318977,2023-04-20T13:11:04.007Z,https://twitter.com/search?q=%20%3A%20min_faves%3A100%20%D7%93%D7%9E%D7%95%D7%A7%D7%A8%D7%98%D7%99%D7%94%20until%3A2023-02-10%20since%3A2023-02-01&src=typed_query&f=live
Sat Feb 04 15:43:11 +0000 2023,1289842733801250816,IsraeliDefend,"בבאזל, שוויץ 🇨🇭התאספו המוחים מתחת למרפסת של הרצל וזעקו בקול גדול:
דמוקרטיה!

Credit: Rachel Halpern https://t.co/S4GnTUAzpr",https://twitter.com/IsraeliDefend,Defend Israeli Democracy,https://twitter.com/IsraeliDefend/status/1621897160483643395,2023-04-20T13:11:04.007Z,https://twitter.com/search?q=%20%3A%20min_faves%3A100%20%D7%93%D7%9E%D7%95%D7%A7%D7%A8%D7%98%D7%99%D7%94%20until%3A2023-02-10%20since%3A2023-02-01&src=typed_query&f=live
Sun Feb 05 17:32:59 +0000 2023,1398017082793603073,hadarmiller_,"לא הופתענו כשהשמאל התנהג כמו ילד שלקחו לו את הצעצוע, גם לא התרגשנו מהמכתבים המרשימים.
מוזמנים גם לצאת להפגין, זאת דמוקרטיה.
אבל כשדרוקר אמר שישפך דם מטפורי או דם אמיתי, כשחודק אמר להרים נשק ואתמול כשזאב רז הסית ואף איים ברצח זה כבר עובר כל גבול! https://t.co/SUlFlDPuJw",https://twitter.com/hadarmiller_,הדר מילר Hadar Miller,https://twitter.com/hadarmiller_/status/1622287181359337475,2023-04-20T13:11:04.007Z,https://twitter.com/search?q=%20%3A%20min_faves%3A100%20%D7%93%D7%9E%D7%95%D7%A7%D7%A8%D7%98%D7%99%D7%94%20until%3A2023-02-10%20since%3A2023-02-01&src=typed_query&f=live
Sat Feb 04 17:54:21 +0000 2023,1169205132799741953,berale_crombie,"מביך לראות אנשים שלא מקבלים את תוצאות הבחירות של 64 מנדטים צועקים דמוקרטיה. לימודי ליב""ה דחוף לשמאל.",https://twitter.com/berale_crombie,ברל'ה קרומבי🇮🇱,https://twitter.com/berale_crombie/status/1621930172835397634,2023-04-20T13:11:04.007Z,https://twitter.com/search?q=%20%3A%20min_faves%3A100%20%D7%93%D7%9E%D7%95%D7%A7%D7%A8%D7%98%D7%99%D7%94%20until%3A2023-02-10%20since%3A2023-02-01&src=typed_query&f=live
Sun Feb 05 14:17:28 +0000 2023,1040246229895204865,KnessetT,"""צריך להרעיד את האדמה מתחת לרגלי ממשלת חורבן הבית השלישי"" - כך אמרה @ShikmaBressler על החרפה אפשרית של המחאה נגד הממשלה

@kumiiisrael 
@CRIMEMINISTER12 
@MovGov https://t.co/wOqPYZDZty",https://twitter.com/KnessetT,ערוץ כנסת,https://twitter.com/KnessetT/status/1622237979027673091,2023-04-20T13:11:04.007Z,https://twitter.com/search?q=%20%3A%20min_faves%3A100%20%D7%93%D7%9E%D7%95%D7%A7%D7%A8%D7%98%D7%99%D7%94%20until%3A2023-02-10%20since%3A2023-02-01&src=typed_query&f=live
Sat Feb 04 17:53:58 +0000 2023,1407315626868318209,tmizracx,"האיש הזה שמינה 61 שופטים בפחות מחמש שעות, האיש שמנע  מרה״מ @netanyahu להביא חיסונים לישראל בשיא מגפת הקורונה מדבר על דמוקרטיה….

עולם הפוך ראיתי‼️ https://t.co/0bOnshC033",https://twitter.com/tmizracx,Tzachie Mizrachi™️  🇮🇱,https://twitter.com/tmizracx/status/1621930074801848322,2023-04-20T13:11:04.007Z,https://twitter.com/search?q=%20%3A%20min_faves%3A100%20%D7%93%D7%9E%D7%95%D7%A7%D7%A8%D7%98%D7%99%D7%94%20until%3A2023-02-10%20since%3A2023-02-01&src=typed_query&f=live
Sat Feb 04 16:18:26 +0000 2023,812568502930472964,joshua_segev,האיש שמינה 61 שופטים בחמש שעות בא להסביר מה זה דמוקרטיה. https://t.co/m8Cblfa9ka,https://twitter.com/joshua_segev,Joshua Segev | שוקי שגב,https://twitter.com/joshua_segev/status/1621906032724217858,2023-04-20T13:11:04.007Z,https://twitter.com/search?q=%20%3A%20min_faves%3A100%20%D7%93%D7%9E%D7%95%D7%A7%D7%A8%D7%98%D7%99%D7%94%20until%3A2023-02-10%20since%3A2023-02-01&src=typed_query&f=live
Sun Feb 05 11:02:14 +0000 2023,1297921227525443586,elizipori,"🔴 אני רואה את ראשי משרדי עוה״ד מדברים גבוהה על דמוקרטיה ורפורמת לוין. 
🔴 אלו אותם משרדים שעוסקים בהנדסה ובתכנוני מס חוצי גבולות שחוסכים ללקוחות העשירים שלהם מיליארדים ואף עשרות מיליארדים על חשבוננו. 
🔴 ומי שעשה הון מזה הוא מר פיני רובין שרץ לדרוקר כדי ללהג על דמוקרטיה. חצוף. https://t.co/MCppLauKSx",https://twitter.com/elizipori,אלי ציפורי,https://twitter.com/elizipori/status/1622188848468877315,2023-04-20T13:11:04.007Z,https://twitter.com/search?q=%20%3A%20min_faves%3A100%20%D7%93%D7%9E%D7%95%D7%A7%D7%A8%D7%98%D7%99%D7%94%20until%3A2023-02-10%20since%3A2023-02-01&src=typed_query&f=live
Sat Feb 04 18:19:02 +0000 2023,16324095,harnevo,דמוקרטיה! לא פסיק אחד פחות! https://t.co/6ebp5JN5Yx,https://twitter.com/harnevo,Ran Harnevo,https://twitter.com/harnevo/status/1621936385039933441,2023-04-20T13:11:04.007Z,https://twitter.com/search?q=%20%3A%20min_faves%3A100%20%D7%93%D7%9E%D7%95%D7%A7%D7%A8%D7%98%D7%99%D7%94%20until%3A2023-02-10%20since%3A2023-02-01&src=typed_query&f=live
Sat Feb 04 19:15:39 +0000 2023,1133990566885285889,dana_tenenbaum,"שרשרת אנושית של שוטרים שמגוננת על כמה אפסים עם שלט שמאלנים בוגדים, מפני דגלי ישראל וקריאות ""דמוקרטיה"". https://t.co/jYFXkdZv3T",https://twitter.com/dana_tenenbaum,Dana Tenenbaum,https://twitter.com/dana_tenenbaum/status/1621950629714206720,2023-04-20T13:11:04.007Z,https://twitter.com/search?q=%20%3A%20min_faves%3A100%20%D7%93%D7%9E%D7%95%D7%A7%D7%A8%D7%98%D7%99%D7%94%20until%3A2023-02-10%20since%3A2023-02-01&src=typed_query&f=live
Sun Feb 05 10:30:28 +0000 2023,1550239293435793408,ShikmaBressler,"בלי דמוקרטיה אים אקדמיה. 
אנשי מכון ויצמן, ביתי המקצועי, חוסמים את הרצל. הרבה הרבה מאות. https://t.co/IVU2VkGLfs",https://twitter.com/ShikmaBressler,שקמה ברסלר Shikma Bressler,https://twitter.com/ShikmaBressler/status/1622180851537649664,2023-04-20T13:11:04.007Z,https://twitter.com/search?q=%20%3A%20min_faves%3A100%20%D7%93%D7%9E%D7%95%D7%A7%D7%A8%D7%98%D7%99%D7%94%20until%3A2023-02-10%20since%3A2023-02-01&src=typed_query&f=live
Sat Feb 04 06:11:46 +0000 2023,39735132,GONENB1,"שומע @netanyahu ?
עלית לשלטון בקולות 18 מנדטים של מפלגות שהרב קובע מה ולמי להצביע.
תחסוך לנו בבקשה הטפות על דמוקרטיה.",https://twitter.com/GONENB1,Gonen Ben Itzhak גונן בן יצחק,https://twitter.com/GONENB1/status/1621753360188596226,2023-04-20T13:11:04.007Z,https://twitter.com/search?q=%20%3A%20min_faves%3A100%20%D7%93%D7%9E%D7%95%D7%A7%D7%A8%D7%98%D7%99%D7%94%20until%3A2023-02-10%20since%3A2023-02-01&src=typed_query&f=live
Sun Feb 05 18:18:33 +0000 2023,23121208,eliavl,"2/2 לרוטמן תפיסה של דמוקרטיה של ילד בן 5, ובעיקר אין לו בדל של תום לב. כי אם היה לו תום לב, היה דורש לצד ""הרפורמה"" לעגן את זכויות האדם והשוויון. אבל הוא לא, כי הוא רוצה דיכוי במסווה של דמוקרטיה.",https://twitter.com/eliavl,Eliav Lieblich (eliavl@ohai.social),https://twitter.com/eliavl/status/1622298648854806532,2023-04-20T13:11:04.007Z,https://twitter.com/search?q=%20%3A%20min_faves%3A100%20%D7%93%D7%9E%D7%95%D7%A7%D7%A8%D7%98%D7%99%D7%94%20until%3A2023-02-10%20since%3A2023-02-01&src=typed_query&f=live
Sun Feb 05 10:28:30 +0000 2023,735430597645062144,HagaiLevine,"עכשיו ברחובות מאות מדענים, חוקרות, סטודנטיות וסטודנטים מפגינים בעד הדמוקרטיה ונגד ההפיכה. 
""בלי דמוקרטיה אין אקדמיה"". 
צעדה ממכון ויצמן לפקולטה לחקלאות. https://t.co/UGQQ9gqBSJ",https://twitter.com/HagaiLevine,פרופ' חגי לוין,https://twitter.com/HagaiLevine/status/1622180358178459650,2023-04-20T13:11:04.007Z,https://twitter.com/search?q=%20%3A%20min_faves%3A100%20%D7%93%D7%9E%D7%95%D7%A7%D7%A8%D7%98%D7%99%D7%94%20until%3A2023-02-10%20since%3A2023-02-01&src=typed_query&f=live
Sat Feb 04 18:50:36 +0000 2023,2561575542,yerushlavivi,חברים אני מציל ת׳דמוקרטיה בניתי מכונת זמן ואני נוסע ל1977 לבית ספר של יריב לווין ואעשה  הכול שיבחרו אותו בכוחות לכדורגל וישיפסיקו לקרוא לו ״יריב המרטיב״,https://twitter.com/yerushlavivi,גובי,https://twitter.com/yerushlavivi/status/1621944329005572097,2023-04-20T13:11:04.007Z,https://twitter.com/search?q=%20%3A%20min_faves%3A100%20%D7%93%D7%9E%D7%95%D7%A7%D7%A8%D7%98%D7%99%D7%94%20until%3A2023-02-10%20since%3A2023-02-01&src=typed_query&f=live
Sat Feb 04 09:22:19 +0000 2023,2657146262,Nadav_Eyal,"קראתי אצל @amit_segal שנתניהו כעס על בלינקן שהסביר לו דמוקרטיה, ואז אמר משהו על הרוב הדחוק של אובמהקר.תכננתי לכתוב שרשור, להסביר שרפורמת הבריאות דוסקסה שנים, שהרוב לא היה דחוק בסנאט, שהתמיכה וההתנגדות חצו מפלגות, איך אובמה התפשר וכו'. אבל אין לי כוח. מישהו רוצה לצוד עוד שקר?בבקשה https://t.co/scVokAOR2d",https://twitter.com/Nadav_Eyal,נדב איל Nadav Eyal,https://twitter.com/Nadav_Eyal/status/1621801315755085824,2023-04-20T13:11:04.007Z,https://twitter.com/search?q=%20%3A%20min_faves%3A100%20%D7%93%D7%9E%D7%95%D7%A7%D7%A8%D7%98%D7%99%D7%94%20until%3A2023-02-10%20since%3A2023-02-01&src=typed_query&f=live
Sun Feb 05 17:24:28 +0000 2023,1550239293435793408,ShikmaBressler,המחאה תחריף. דמוקרטיה או דמוקרטיה. אין אפשרות אחרת.,https://twitter.com/ShikmaBressler,שקמה ברסלר Shikma Bressler,https://twitter.com/ShikmaBressler/status/1622285036866228228,2023-04-20T13:11:04.007Z,https://twitter.com/search?q=%20%3A%20min_faves%3A100%20%D7%93%D7%9E%D7%95%D7%A7%D7%A8%D7%98%D7%99%D7%94%20until%3A2023-02-10%20since%3A2023-02-01&src=typed_query&f=live
Sat Feb 04 11:56:37 +0000 2023,16324095,harnevo,"ב-2012, לפני שהואשם בפלילים, בנימין נתניהו ידע היטב איך עובדת דמוקרטיה. 

מאז הוא שכח, אבל אנחנו פה להזכיר לו.

שבע בערב בקפלן ובכל רחבי הארץ!!!

(שתפו זה חשוב 🙏) https://t.co/lHaa7yxabB",https://twitter.com/harnevo,Ran Harnevo,https://twitter.com/harnevo/status/1621840145434517505,2023-04-20T13:11:04.007Z,https://twitter.com/search?q=%20%3A%20min_faves%3A100%20%D7%93%D7%9E%D7%95%D7%A7%D7%A8%D7%98%D7%99%D7%94%20until%3A2023-02-10%20since%3A2023-02-01&src=typed_query&f=live
Sat Feb 04 20:28:41 +0000 2023,1550239293435793408,ShikmaBressler,דמוקרטיה או דמוקרטיה. אין אפשרות אחרת. https://t.co/4FmSEbSOs2,https://twitter.com/ShikmaBressler,שקמה ברסלר Shikma Bressler,https://twitter.com/ShikmaBressler/status/1621969010458873856,2023-04-20T13:11:04.007Z,https://twitter.com/search?q=%20%3A%20min_faves%3A100%20%D7%93%D7%9E%D7%95%D7%A7%D7%A8%D7%98%D7%99%D7%94%20until%3A2023-02-10%20since%3A2023-02-01&src=typed_query&f=live
Fri Feb 03 12:56:37 +0000 2023,729188285411688450,shlomo_karhi,"""והכית בצור ויצאו ממנו מים""
ה""פילוסופים"" היושבים במגדלי השן משתוללים. ערוותה של מערכת המשפט התגלתה שוב השבוע, התקשורת ממשיכה לנגן קקופוניה חדגונית והיועצת המשפטית לממשלה...טוב, אתם כבר יודעים.
הנס שיתרחש כשנוציא מהסלע הזה דמוקרטיה, יהיה גדול יותר...
לפוסט: https://t.co/POevfpQDDP https://t.co/ufZBWWtxQK",https://twitter.com/shlomo_karhi,🇮🇱שלמה קרעי - Shlomo Karhi,https://twitter.com/shlomo_karhi/status/1621492857692364803,2023-04-20T13:11:04.007Z,https://twitter.com/search?q=%20%3A%20min_faves%3A100%20%D7%93%D7%9E%D7%95%D7%A7%D7%A8%D7%98%D7%99%D7%94%20until%3A2023-02-10%20since%3A2023-02-01&src=typed_query&f=live
Sat Feb 04 16:10:10 +0000 2023,36396846,EinatWilf,"יותר מכל מבנה משטרי, הדמוקרטיה הישראלית נשענת על תרבות הוויכוח של היהדות והמוסדות הציונים. מדינת ישראל היא דמוקרטיה *בזכות* היותה מדינה יהודית, ואם היא לא תהיה מדינה יהודית, בוודאי באזורנו, היא לא תהיה מדינה דמוקרטית. כדי שישראל תהיה דמוקרטית צריך להיאבק שתהיה יהודית. זה העיקר.",https://twitter.com/EinatWilf,Dr. Einat Wilf,https://twitter.com/EinatWilf/status/1621903951158181889,2023-04-20T13:11:04.007Z,https://twitter.com/search?q=%20%3A%20min_faves%3A100%20%D7%93%D7%9E%D7%95%D7%A7%D7%A8%D7%98%D7%99%D7%94%20until%3A2023-02-10%20since%3A2023-02-01&src=typed_query&f=live
Thu Feb 02 04:57:47 +0000 2023,1113446914790391809,AnatiRina,"7/ ממש כמו שלא מוקדם מדי לדבר עם הילדים על דמוקרטיה, על שלטון החוק, על שמירת החוק, על עבירות וגם על קרנפים, כאלה שבעד ג'וב עם טייטל יפה מוכרים את הנשמה שלהם והופכים להיות אנשים שרודפים אחרים בשל נטיה מינית. יואב קיש איננו מיוחד, הוא הראי לחברה הקניבלית שיצר הנאשם בפלילים.",https://twitter.com/AnatiRina,Rina Anati,https://twitter.com/AnatiRina/status/1621009967384825856,2023-04-20T13:11:04.007Z,https://twitter.com/search?q=%20%3A%20min_faves%3A100%20%D7%93%D7%9E%D7%95%D7%A7%D7%A8%D7%98%D7%99%D7%94%20until%3A2023-02-10%20since%3A2023-02-01&src=typed_query&f=live
Fri Feb 03 07:12:15 +0000 2023,37912972,shireuven,אהלן זוכרים שמחר הפגנה? שבע בקפלן. קר וגשום ושבת אבל זה הדבר הכי אפקטיבי שאנחנו יכולים לעשות נגד חיסול הדמוקרטיה שמתבשל לנו על הראש. בלי דמוקרטיה אנחנו מופקרים לחסדים של אנשים שלקחו לעצמם את כל הכח. אין שום תקדים בהיסטוריה לריכוזיות כזאת של כח שעבדה לטובת העם. זה תמיד על חשבוננו,https://twitter.com/shireuven,Shir Reuven 🇮🇹,https://twitter.com/shireuven/status/1621406195536871426,2023-04-20T13:11:04.007Z,https://twitter.com/search?q=%20%3A%20min_faves%3A100%20%D7%93%D7%9E%D7%95%D7%A7%D7%A8%D7%98%D7%99%D7%94%20until%3A2023-02-10%20since%3A2023-02-01&src=typed_query&f=live
Thu Feb 02 15:47:30 +0000 2023,3075359504,sharongal,"מארק לוין ברשת ""פוקס"" על התנגדות מע' המשפט לרפורמה של לוין: ""זה נשמע שהסורגים המשפטיים השתלטו על המדינה שלכם... אין לנו שום דבר כזה בארצות הברית - כי ברור שזו לא דמוקרטיה, זו עריצות שיפוטית""
@marklevinshow 
צפו כאן בקטעים נוספים:
https://t.co/YnJx418lTz https://t.co/12W5UGPYgM",https://twitter.com/sharongal,שרון גל Sharon Gal,https://twitter.com/sharongal/status/1621173470783750145,2023-04-20T13:11:04.007Z,https://twitter.com/search?q=%20%3A%20min_faves%3A100%20%D7%93%D7%9E%D7%95%D7%A7%D7%A8%D7%98%D7%99%D7%94%20until%3A2023-02-10%20since%3A2023-02-01&src=typed_query&f=live
Fri Feb 03 12:11:56 +0000 2023,903008753657810958,KastelMoti,"גורם מדיני בכיר בפמליית רה""מ: נושא הרפורמה המשפטית היה ממש בשולי הפגישה. רה""מ התרשם שמקרון לא היה בקיא בפרטי הרפורמה ונתניהו אמר לו כי הרפורמה דווקא תשים את ישראל במקום שהיא אמורה להיות בין הדמוקרטיות, זה יחזק אותה. דמוקרטיה זו לא רק זרוע אחת שחזקה מעל היתר, אלא 3 רשויות מאוזנות""",https://twitter.com/KastelMoti,Moti Kastel מוטי קסטל,https://twitter.com/KastelMoti/status/1621481609563095041,2023-04-20T13:11:04.007Z,https://twitter.com/search?q=%20%3A%20min_faves%3A100%20%D7%93%D7%9E%D7%95%D7%A7%D7%A8%D7%98%D7%99%D7%94%20until%3A2023-02-10%20since%3A2023-02-01&src=typed_query&f=live
Wed Feb 01 09:36:19 +0000 2023,37960888,chaimlevinson,או בעברית צחה = שום הומו שמאלני לא יכריח אותנו ללמד דמוקרטיה. https://t.co/fH6TPe3sRZ,https://twitter.com/chaimlevinson,Chaim Levinson,https://twitter.com/chaimlevinson/status/1620717671968047104,2023-04-20T13:11:04.007Z,https://twitter.com/search?q=%20%3A%20min_faves%3A100%20%D7%93%D7%9E%D7%95%D7%A7%D7%A8%D7%98%D7%99%D7%94%20until%3A2023-02-10%20since%3A2023-02-01&src=typed_query&f=live
Wed Feb 01 16:52:22 +0000 2023,173418313,EldadYaniv,"חיות שכחה מה זו דמוקרטיה (וקצת עפה על עצמה):

▶️ https://t.co/mtovCOHlgl",https://twitter.com/EldadYaniv,Eldad Yaniv 🇮🇱 אלדד יניב,https://twitter.com/EldadYaniv/status/1620827410710269953,2023-04-20T13:11:04.007Z,https://twitter.com/search?q=%20%3A%20min_faves%3A100%20%D7%93%D7%9E%D7%95%D7%A7%D7%A8%D7%98%D7%99%D7%94%20until%3A2023-02-10%20since%3A2023-02-01&src=typed_query&f=live
Fri Feb 03 09:54:29 +0000 2023,2180579797,naamalazimi,"נתניהו: אני נוסע להביא משקיעים מצרפת.

מקרון: אם תרסק את מערכת המשפט צרפת תבין שישראל לא דמוקרטיה.

ג'יי פי מורגן: Hold my beer.",https://twitter.com/naamalazimi,Naama Lazimi - נעמה לזימי,https://twitter.com/naamalazimi/status/1621447019997937665,2023-04-20T13:11:04.007Z,https://twitter.com/search?q=%20%3A%20min_faves%3A100%20%D7%93%D7%9E%D7%95%D7%A7%D7%A8%D7%98%D7%99%D7%94%20until%3A2023-02-10%20since%3A2023-02-01&src=typed_query&f=live
Wed Feb 01 02:23:36 +0000 2023,1176368459673939968,BitanDor,"מה הם מציעים בעצם?

שניתן לאנשים משקל במשחק הפוליטי לפי ממונם?

שניתן לאזרחים יכולת השפעה לפי כמות הכסף שהרוויחו או המס ששילמו?

שנחשיב את דעתו של החזק יותר מאשר את דעתו של מי שמרוויח פחות?

ואז הם גם באים ללמד אותנו מה זה דמוקרטיה?",https://twitter.com/BitanDor,Dor Bitan דור ביתן,https://twitter.com/BitanDor/status/1620608775089684480,2023-04-20T13:11:04.007Z,https://twitter.com/search?q=%20%3A%20min_faves%3A100%20%D7%93%D7%9E%D7%95%D7%A7%D7%A8%D7%98%D7%99%D7%94%20until%3A2023-02-10%20since%3A2023-02-01&src=typed_query&f=live
Fri Feb 03 06:10:13 +0000 2023,40183789,Roy_Iddan,"אבל מהצד השני יש אנשים שחושבים שכבר היום ישראל היא דמוקרטיה על הנייר בלבד שלא לומר אוליגרכיה - שלא לומר דיקטטורה. יותר מכך: אם לגיטימי להגן באלימות על ה""דמוקרטית"" (לתפיסתו), ראוי באותה מידה להגן באלימות על ה""יהודית"", לא?",https://twitter.com/Roy_Iddan,Roy Iddan 🏴‍☠️,https://twitter.com/Roy_Iddan/status/1621390583381086208,2023-04-20T13:11:04.007Z,https://twitter.com/search?q=%20%3A%20min_faves%3A100%20%D7%93%D7%9E%D7%95%D7%A7%D7%A8%D7%98%D7%99%D7%94%20until%3A2023-02-10%20since%3A2023-02-01&src=typed_query&f=live
Fri Feb 03 09:09:41 +0000 2023,302971361,BarakRavid,"ברייקינג: העיתון הצרפתי לה מונד דיווח הבוקר לאחר פגישת נתניהו עם הנשיא מקרון אמש בפריז כי עבור הנשיא מקרון, אם תכניתו של נתניהו לגבי מערכת המשפט תעבור כפי שהיא, ""צרפת תסיק שישראל כבר אינה רואה עצמה כחלק מתפיסה משותפת של דמוקרטיה"".",https://twitter.com/BarakRavid,Barak Ravid,https://twitter.com/BarakRavid/status/1621435744697868288,2023-04-20T13:11:04.007Z,https://twitter.com/search?q=%20%3A%20min_faves%3A100%20%D7%93%D7%9E%D7%95%D7%A7%D7%A8%D7%98%D7%99%D7%94%20until%3A2023-02-10%20since%3A2023-02-01&src=typed_query&f=live
Fri Feb 03 09:16:31 +0000 2023,3241178408,Nifla_Po,"עמנואל מקרון בפגישה עם אבא והבהיר לו צרפת תסיק שישראל כבר אינה רואה עצמה כחלק מתפיסה משותפת של דמוקרטיה אם הוא ימשיך בתכניות שלו. שמישהו יעדכן את מנכ״ל פורום קהלת בדחיפות שצריך לערוך שינויים קלים בתפיסת הבטחון החדשה שצרפת היא האלטרנטיבה לארה״ב לרכש בטחוני וגב מדיני. מהרו, תכף שבת",https://twitter.com/Nifla_Po,מר כ.,https://twitter.com/Nifla_Po/status/1621437464463216641,2023-04-20T13:11:04.007Z,https://twitter.com/search?q=%20%3A%20min_faves%3A100%20%D7%93%D7%9E%D7%95%D7%A7%D7%A8%D7%98%D7%99%D7%94%20until%3A2023-02-10%20since%3A2023-02-01&src=typed_query&f=live
Thu Feb 02 18:40:34 +0000 2023,347294614,orlybarlev,"הרצוג ממשיך לפעול בשירות נתניהו, הנאשם שעושה הפיכה משטרית בלתי חוקית, ומקדם את ""מתווה הנשיא להידברות"" שהוא למעשה *מתווה נתניהו להרדמת המחאה וקידום ההפיכה המשטרית*.
מאות אלפי האזרחים שמפגינים כל שבוע נגד ההפיכה לא נתנו מנדט להידברות!
אין מו""מ על דמוקרטיה!
תכנית נתניהו-לוין לפח!",https://twitter.com/orlybarlev,Or-ly Barlev ~ אור-לי ברלב,https://twitter.com/orlybarlev/status/1621217028416708610,2023-04-20T13:11:04.007Z,https://twitter.com/search?q=%20%3A%20min_faves%3A100%20%D7%93%D7%9E%D7%95%D7%A7%D7%A8%D7%98%D7%99%D7%94%20until%3A2023-02-10%20since%3A2023-02-01&src=typed_query&f=live